truth_pva_channel = "/sensor/ins-d/pva"

# Angle between magnetic north and true north, radians
mag_declination = 0.2


["/sensor/vn-100/imu"]
sensor_to_platform = [
    [
        0.9980094908448612,
        -0.00175395021524054,
        0.06303951016801379,
    ],
    [
        0.002169398086278727,
        0.9999763754984745,
        -0.006522434888691102,
    ],
    [
        -0.06302658086493276,
        0.006646209715049804,
        0.9979897183843629,
    ],
]

["/sensor/stim300/imu"]
sensor_to_platform = [
    [
        0.99964092,
        0.01794608,
        0.01989921,
    ],
    [
        -0.01751265,
        0.99961014,
        -0.02174571,
    ],
    [
        -0.0202817,
        0.02138942,
        0.99956548,
    ],
]

["/sensor/sagem/imu"]
sensor_to_platform = [
    [
        0.07814236,
        0.99455817,
        -0.06890443,
    ],
    [
        0.99694137,
        -0.07804523,
        0.00410465,
    ],
    [
        -0.00129535,
        -0.06901442,
        -0.99761482,
    ],
]

["/sensor/BMI088/imu"]
sensor_to_platform = [
    [
        0.06866680348309148,
        -0.9976061384669436,
        -0.008177481289728556,
    ],
    [
        -0.0098255309399074,
        0.007520172916557888,
        -0.9999234505146148,
    ],
    [
        0.9975912602888376,
        0.06874190014501863,
        -0.00928562333700661,
    ],
]


["/sensor/vn-100/mag_field"]
bias = [25818.578679757436, 57973.40368668087, 0.0]
scale_factor = [
    [
        1.0127073134094313,
        -0.02902443578986055,
        0.0,
    ],
    [
        -0.02902591566837722,
        0.973123761777116,
        0.0,
    ],
    [
        0.0,
        0.0,
        1.0,
    ],
]
sensor_to_platform = [
    [
        0.9980094908448612,
        -0.00175395021524054,
        0.06303951016801379,
    ],
    [
        0.002169398086278727,
        0.9999763754984745,
        -0.006522434888691102,
    ],
    [
        -0.06302658086493276,
        0.006646209715049804,
        0.9979897183843629,
    ],
]
method = "both"

["/sensor/hmr2300/mag_field"]
bias = [17484.87766555, -945.18778759, 0.0]
scale_factor = [
    [
        1.0101139,
        -0.0570044,
        0.0,
    ],
    [
        -0.05351946,
        1.0699724,
        0.0,
    ],
    [
        0.0,
        0.0,
        1.0,
    ],
]
# bias = [52963.333333333336, -10636.666666666668, 0.0]
# scale_factor = [
#     [
#         1.0,
#         0.0,
#         0.0,
#     ],
#     [
#         0.0,
#         1.0796768863594641,
#         0.0,
#     ],
#     [
#         0.0,
#         0.0,
#         1.0,
#     ],
# ]
sensor_to_platform = [[0, -1, 0], [1, 0, 0], [0, 0, 1]]
method = "both"


["/sensor/omron/baro_pressure"]
temperature_channel = "/sensor/omron/temp"


["/sensor/s-motion/velocity"]
sensor_to_platform = [
    [
        0.99974261,
        -0.02268733,
        0.0,
    ],
    [
        -0.02268733,
        -0.99974261,
        0.0,
    ],
    [
        0.0,
        0.0,
        -1.0,
    ],
]


["/sensor/ins-d/pva"]
sensor_to_platform = [
    [
        0.99996192,
        -0.00872654,
        0.0,
    ],
    [
        0.00872654,
        0.99996192,
        0.0,
    ],
    [
        0.0,
        0.0,
        -1.0,
    ],
]
